Position	AA	RAL	EVG	DTG
51	Y	15	15	10
66	I	10	60	0
66	A	15	60	0
66	K	60	60	10
74	M	10	10	5
92	Q	30	60	10
92	V	30	60	5
92	G	15	30	10
95	K	5	5	0
97	A	10	10	5	
114	Y	0	5	0
121	Y	30	30	5
128	T	0	5	0
138	K	15	15	10
138	A	15	15	10
140	S	30	30	10
140	A	30	30	10
140	C	30	30	10
143	C	60	0	0
143	R	60	0	0
143	K	45	0	0
143	H	45	0	0
145	S	0	60	0
146	P	0	30	0
147	G	0	60	0
148	H	60	60	20
148	R	60	60	20
148	K	60	60	30
151	I	5	5	0
151	A	15	30	0
151	L	30	60	15
153	Y	0	15	10
153	F	0	10	10
155	H	60	60	10
155	S	30	30	0
155	T	30	30	0
157	Q	10	10	0
163	R	10	10	0
163	K	10	10	0
230	R	10	10	0
263	K	10	20	10
