Position	AA	3TC	FTC	ABC	AZT	D4T	DDI	TDF
40	F	5	5	5	5	5	5	5
41	L	5	5	5	15	15	5	5
44	DA	5	5	5	5	5	5	5
62	V	5	5	5	5	5	5	5
65	R	30	30	60	-15	45	60	60
65	N	15	15	15	-10	30	30	30
67	EGSTH	0	0	5	10	10	5	5
67	N	0	0	5	15	15	5	5
69	D	0	0	0	0	10	30	0
69	N	0	0	0	5	5	10	0
69	G	0	0	10	0	10	10	5
70	R	0	0	5	30	15	5	10
70	GE	10	10	15	-10	15	15	15
70	TSNQ	10	10	10	0	10	10	10
74	IV	0	0	30	0	0	60	0
75	ALS	0	0	0	0	10	10	0
75	I	5	5	5	5	5	5	5
75	M	0	0	0	0	40	15	0
75	T	0	0	15	0	60	30	0
77	L	5	5	5	5	5	5	5
115	F	0	0	45	0	0	0	15
116	Y	5	5	5	5	5	5	5
118	I	5	5	5	5	5	5	5
151	L	10	10	30	30	30	30	10
151	M	15	15	60	60	60	60	15
184	VI	60	60	15	-10	-10	10	-10
210	W	5	5	5	15	15	5	10
215	CDEIVSNAL	0	0	10	20	20	10	10
215	YF	5	5	15	45	45	15	15
219	QENRW	0	0	5	10	10	5	5
348	I	0	0	0	10	10	0	0
66	i	30	30	45	45	45	45	45
66	d	15	15	30	30	30	30	30
67	i	30	30	45	45	45	45	45
67	d	15	15	30	30	30	30	30
68	i	30	30	45	45	45	45	45
68	d	15	15	30	30	30	30	30
69	i	30	30	45	45	45	45	45
69	d	15	15	15	0	15	15	15
70	i	30	30	45	45	45	45	45
70	d	15	15	15	0	15	15	15
71	i	30	30	45	45	45	45	45
71	d	15	15	15	0	15	15	15
