Position	AA	FPV	IDV	NFV	SQV	LPV	ATV	TPV	DRV
10	F	10	5	10	0	5	0	0	0
10	I	0	0	5	0	0	0	0	0
10	R	0	0	5	0	0	0	0	0
10	V	0	0	5	0	0	0	0	0
10	Y	0	0	5	0	0	0	0	0
11	I	5	0	0	0	0	0	0	0
11	L	5	0	0	0	0	0	0	0
13	V	0	0	0	0	0	0	0	0
20	I	0	0	10	0	0	0	0	0
20	M	0	0	0	0	0	0	0	0
20	R	0	0	0	0	0	0	0	0
20	T	0	0	10	0	0	0	0	0
20	V	0	0	0	0	0	0	0	0
23	I	0	0	15	0	0	0	0	0
24	I	5	10	5	5	10	5	-5	0
24	F	0	0	0	0	0	0	0	0
30	N	0	0	60	0	0	0	0	0
32	I	30	15	15	0	15	15	5	20
33	F	10	0	5	0	5	5	5	5
33	V	0	0	0	0	0	0	0	0
33	I	0	0	0	0	0	0	0	0
35	G	0	0	5	0	0	0	5	0
36	I	0	0	0	0	0	0	0	0
36	L	0	0	0	0	0	0	0	0
36	V	0	0	0	0	0	0	0	0
36	T	0	0	0	0	0	0	0	0
43	T	0	0	0	0	0	0	10	0
46	I	10	10	15	0	10	10	0	0
46	L	10	10	15	0	10	10	0	0
46	V	5	5	10	5	5	5	0	0
47	V	30	10	15	0	15	5	20	10
47	A	60	15	30	0	60	5	20	10
48	V	0	10	30	60	10	30	0	0
48	M	0	10	30	60	10	30	0	0
48	A	0	10	15	30	10	10	0	0
48	S	0	10	15	30	10	10	0	0
48	T	0	10	15	30	10	10	0	0
48	Q	0	10	15	30	10	10	0	0
48	L	0	10	15	30	10	10	0	0
50	V	60	0	10	5	20	0	-5	20
50	L	-5	-5	-5	-5	-5	60	-5	-5
53	L	0	0	0	10	0	5	0	0
53	Y	0	0	0	0	0	0	0	0
54	L	60	10	15	10	15	15	-10	20
54	M	60	10	15	10	15	15	15	20
54	S	10	15	15	15	10	15	15	0
54	T	10	15	15	15	10	15	15	0
54	V	10	15	15	15	10	15	15	0
54	A	10	15	15	15	10	15	15	0
58	E	0	0	5	0	0	5	10	0
63	P	0	0	0	0	0	0	0	0
71	T	0	0	5	0	0	0	0	0
71	V	0	0	5	0	0	0	0	0
71	I	5	0	5	5	0	5	0	0
71	L	5	0	5	5	0	5	0	0
73	C	5	5	10	10	5	10	0	0
73	S	5	5	10	10	5	10	0	0
73	T	5	5	10	10	5	10	0	0
73	A	5	5	10	10	5	10	0	0
74	P	3	0	10	0	0	5	20	0
74	S	5	0	15	0	0	0	0	0
76	V	60	30	0	-5	30	-5	-5	20
77	I	0	0	0	0	0	0	0	0
82	A	10	30	30	10	25	15	0	0
82	F	30	30	30	0	25	15	0	15
82	I	0	0	0	0	0	0	0	0
82	S	10	30	30	10	25	15	15	0
82	T	10	30	30	10	25	15	40	0
82	M	10	15	10	10	10	10	10	0
82	L	10	10	10	10	10	10	40	0
82	C	10	10	10	10	10	10	10	0
83	D	0	5	5	5	0	5	20	0
84	A	60	60	60	60	30	60	30	10
84	V	60	30	60	60	15	40	30	10
84	C	30	30	60	60	15	30	15	10
85	V	0	0	0	0	0	0	0	0
88	D	0	0	30	5	0	10	0	0
88	S	-10	10	60	5	0	60	0	-5
88	T	0	0	30	0	0	10	0	0
88	G	0	0	30	0	0	10	0	0
89	V	5	5	5	0	0	0	0	5
89	I	0	0	0	0	0	0	0	0
89	M	0	0	0	0	0	0	0	0
89	T	0	0	0	0	0	0	0	0
90	M	20	20	60	40	10	20	0	0
93	L	0	0	0	0	0	0	0	0
